              precision    recall  f1-score   support

           A       0.99      1.00      0.99       437
           B       0.99      1.00      1.00       441
           C       1.00      1.00      1.00       398
           D       1.00      0.99      1.00       493
           E       0.99      1.00      0.99       462
           F       1.00      1.00      1.00       575
           G       0.99      1.00      0.99       488
           H       0.99      1.00      0.99       479
           I       0.99      0.99      0.99       477
           J       1.00      1.00      1.00       516
           K       1.00      0.99      1.00       540
           L       1.00      1.00      1.00       505
           M       0.90      0.93      0.91       313
           N       0.91      0.90      0.91       255
           O       0.99      0.99      0.99       453
           P       1.00      0.99      0.99       408
           Q       0.99      1.00      0.99       419
           R       0.99      0.99      0.99       508
           S       0.99      0.99      0.99       510
           T       1.00      0.99      0.99       470
           U       0.99      0.97      0.98       503
           V       0.98      1.00      0.99       510
           W       0.99      0.99      0.99       491
           X       0.99      0.99      0.99       432
           Y       1.00      1.00      1.00       517
           Z       0.98      0.99      0.98       470
         del       0.97      0.99      0.98       340
     nothing       1.00      1.00      1.00         1
       space       0.99      0.99      0.99       325

    accuracy                           0.99     12736
   macro avg       0.99      0.99      0.99     12736
weighted avg       0.99      0.99      0.99     12736
