              precision    recall  f1-score   support

           A       1.00      1.00      1.00       436
           B       0.99      1.00      1.00       440
           C       0.99      1.00      1.00       392
           D       1.00      0.99      0.99       491
           E       0.99      0.99      0.99       461
           F       0.99      0.99      0.99       573
           G       0.99      0.99      0.99       486
           H       0.99      0.99      0.99       475
           I       0.99      0.98      0.98       476
           J       1.00      0.99      0.99       514
           K       1.00      0.99      1.00       540
           L       1.00      1.00      1.00       504
           M       0.92      0.97      0.95       320
           N       0.97      0.91      0.94       255
           O       0.98      0.98      0.98       452
           P       0.99      0.99      0.99       408
           Q       0.98      1.00      0.99       424
           R       0.98      0.97      0.98       509
           S       0.98      0.99      0.99       511
           T       1.00      0.99      1.00       471
           U       0.98      0.98      0.98       502
           V       0.99      1.00      0.99       510
           W       0.99      0.99      0.99       491
           X       0.98      0.98      0.98       431
           Y       1.00      1.00      1.00       516
           Z       0.99      1.00      0.99       469
         del       0.99      0.99      0.99       355
       space       0.96      0.98      0.97       305

    accuracy                           0.99     12717
   macro avg       0.99      0.99      0.99     12717
weighted avg       0.99      0.99      0.99     12717
